{
  "nbformat": 4,
  "nbformat_minor": 0,
  "metadata": {
    "colab": {
      "provenance": []
    },
    "kernelspec": {
      "name": "python3",
      "display_name": "Python 3"
    },
    "language_info": {
      "name": "python"
    }
  },
  "cells": [
    {
      "cell_type": "code",
      "execution_count": 2,
      "metadata": {
        "id": "z8-bEgXZTECg"
      },
      "outputs": [],
      "source": [
        "import numpy as np\n",
        "import pandas as pd\n",
        "import seaborn as sns\n",
        "import matplotlib.pyplot as plt\n",
        "from sklearn.model_selection import train_test_split\n",
        "import scipy.stats as stats"
      ]
    },
    {
      "cell_type": "code",
      "source": [
        "df=pd.read_excel('/content/cpcb4.xlsx')"
      ],
      "metadata": {
        "id": "mWsI447oTTYt"
      },
      "execution_count": 3,
      "outputs": []
    },
    {
      "cell_type": "code",
      "source": [
        "df.shape"
      ],
      "metadata": {
        "colab": {
          "base_uri": "https://localhost:8080/"
        },
        "id": "_WeP53SxTibH",
        "outputId": "f8ba0f9f-f98a-4f48-c2e6-6403606e091f"
      },
      "execution_count": 4,
      "outputs": [
        {
          "output_type": "execute_result",
          "data": {
            "text/plain": [
              "(22876, 20)"
            ]
          },
          "metadata": {},
          "execution_count": 4
        }
      ]
    },
    {
      "cell_type": "code",
      "source": [
        "df.info()"
      ],
      "metadata": {
        "colab": {
          "base_uri": "https://localhost:8080/"
        },
        "id": "YShPqJCnT65M",
        "outputId": "e64863f7-d448-4d4a-e801-59534385724a"
      },
      "execution_count": 5,
      "outputs": [
        {
          "output_type": "stream",
          "name": "stdout",
          "text": [
            "<class 'pandas.core.frame.DataFrame'>\n",
            "RangeIndex: 22876 entries, 0 to 22875\n",
            "Data columns (total 20 columns):\n",
            " #   Column       Non-Null Count  Dtype  \n",
            "---  ------       --------------  -----  \n",
            " 0   PM2.5        22876 non-null  float64\n",
            " 1   PM10         22876 non-null  float64\n",
            " 2   NO           22876 non-null  float64\n",
            " 3   NO2          22876 non-null  float64\n",
            " 4   NOx          22876 non-null  float64\n",
            " 5   NH3          22876 non-null  float64\n",
            " 6   SO2          22876 non-null  float64\n",
            " 7   CO           22876 non-null  float64\n",
            " 8   Ozone        22876 non-null  float64\n",
            " 9   Benzene      22876 non-null  float64\n",
            " 10  Toluene      22876 non-null  float64\n",
            " 11  Eth-Benzene  22876 non-null  float64\n",
            " 12  MP-Xylene    22876 non-null  float64\n",
            " 13  RH           22876 non-null  float64\n",
            " 14  WS           22876 non-null  float64\n",
            " 15  WD           22876 non-null  float64\n",
            " 16  SR           22876 non-null  float64\n",
            " 17  BP           22876 non-null  float64\n",
            " 18  VWS          22876 non-null  float64\n",
            " 19  AT           22876 non-null  float64\n",
            "dtypes: float64(20)\n",
            "memory usage: 3.5 MB\n"
          ]
        }
      ]
    },
    {
      "cell_type": "code",
      "source": [
        "#correlation of different parameter\n",
        "df.corr()"
      ],
      "metadata": {
        "colab": {
          "base_uri": "https://localhost:8080/",
          "height": 792
        },
        "id": "FFhYcYqBT_1L",
        "outputId": "2e8177fe-1582-448e-cb1e-9d5250dbef59"
      },
      "execution_count": null,
      "outputs": [
        {
          "output_type": "execute_result",
          "data": {
            "text/plain": [
              "                PM2.5      PM10        NO       NO2       NOx       NH3  \\\n",
              "PM2.5        1.000000  0.950145  0.399390  0.227092  0.377647 -0.113220   \n",
              "PM10         0.950145  1.000000  0.400293  0.201274  0.360287 -0.134218   \n",
              "NO           0.399390  0.400293  1.000000  0.268601  0.723113  0.328041   \n",
              "NO2          0.227092  0.201274  0.268601  1.000000  0.842111  0.371475   \n",
              "NOx          0.377647  0.360287  0.723113  0.842111  1.000000  0.435177   \n",
              "NH3         -0.113220 -0.134218  0.328041  0.371475  0.435177  1.000000   \n",
              "SO2          0.532137  0.531689  0.097660  0.221037  0.204356 -0.113709   \n",
              "CO           0.656386  0.668252  0.616184  0.229055  0.487235 -0.001876   \n",
              "Ozone       -0.044599  0.024196 -0.244190 -0.092284 -0.197955 -0.088208   \n",
              "Benzene      0.389233  0.465670  0.367450  0.206095  0.341009  0.086159   \n",
              "Toluene      0.026696  0.113549  0.102780  0.224155  0.209292  0.087121   \n",
              "Eth-Benzene  0.119485  0.222790  0.070081  0.113744  0.112154 -0.154896   \n",
              "MP-Xylene    0.031869  0.136409  0.008040  0.204162  0.145789 -0.020548   \n",
              "RH          -0.149018 -0.243833  0.092569 -0.126927 -0.040474  0.067049   \n",
              "WS          -0.266573 -0.277482 -0.164601 -0.242925 -0.260240 -0.168959   \n",
              "WD           0.179326  0.168065  0.054149  0.161429  0.143851  0.104572   \n",
              "SR          -0.167772 -0.158619 -0.103936 -0.113262 -0.134032  0.009939   \n",
              "BP           0.648283  0.660402  0.149873  0.196126  0.225139 -0.123634   \n",
              "VWS         -0.009653  0.001648 -0.003610 -0.049128 -0.033326  0.013059   \n",
              "AT          -0.665992 -0.619845 -0.311051 -0.117568 -0.249799  0.192365   \n",
              "\n",
              "                  SO2        CO     Ozone   Benzene   Toluene  Eth-Benzene  \\\n",
              "PM2.5        0.532137  0.656386 -0.044599  0.389233  0.026696     0.119485   \n",
              "PM10         0.531689  0.668252  0.024196  0.465670  0.113549     0.222790   \n",
              "NO           0.097660  0.616184 -0.244190  0.367450  0.102780     0.070081   \n",
              "NO2          0.221037  0.229055 -0.092284  0.206095  0.224155     0.113744   \n",
              "NOx          0.204356  0.487235 -0.197955  0.341009  0.209292     0.112154   \n",
              "NH3         -0.113709 -0.001876 -0.088208  0.086159  0.087121    -0.154896   \n",
              "SO2          1.000000  0.266430  0.227349  0.161981  0.046586     0.060851   \n",
              "CO           0.266430  1.000000 -0.325007  0.566478  0.218948     0.307522   \n",
              "Ozone        0.227349 -0.325007  1.000000 -0.130151 -0.040040    -0.095977   \n",
              "Benzene      0.161981  0.566478 -0.130151  1.000000  0.767948     0.690548   \n",
              "Toluene      0.046586  0.218948 -0.040040  0.767948  1.000000     0.735874   \n",
              "Eth-Benzene  0.060851  0.307522 -0.095977  0.690548  0.735874     1.000000   \n",
              "MP-Xylene    0.075879  0.164507 -0.037787  0.708782  0.850132     0.840592   \n",
              "RH          -0.451078  0.064837 -0.735658 -0.051010 -0.094970    -0.066207   \n",
              "WS          -0.186552 -0.300723  0.109951 -0.229191 -0.135730    -0.113583   \n",
              "WD           0.220385  0.104854 -0.005330  0.068425  0.023061    -0.000111   \n",
              "SR           0.012219 -0.206593  0.327647 -0.170362 -0.083435    -0.122616   \n",
              "BP           0.492888  0.346412  0.089219  0.298467  0.059093     0.172744   \n",
              "VWS         -0.006131 -0.036259  0.050160 -0.001611 -0.003240    -0.017742   \n",
              "AT          -0.197473 -0.531348  0.428777 -0.299586  0.008732    -0.185881   \n",
              "\n",
              "             MP-Xylene        RH        WS        WD        SR        BP  \\\n",
              "PM2.5         0.031869 -0.149018 -0.266573  0.179326 -0.167772  0.648283   \n",
              "PM10          0.136409 -0.243833 -0.277482  0.168065 -0.158619  0.660402   \n",
              "NO            0.008040  0.092569 -0.164601  0.054149 -0.103936  0.149873   \n",
              "NO2           0.204162 -0.126927 -0.242925  0.161429 -0.113262  0.196126   \n",
              "NOx           0.145789 -0.040474 -0.260240  0.143851 -0.134032  0.225139   \n",
              "NH3          -0.020548  0.067049 -0.168959  0.104572  0.009939 -0.123634   \n",
              "SO2           0.075879 -0.451078 -0.186552  0.220385  0.012219  0.492888   \n",
              "CO            0.164507  0.064837 -0.300723  0.104854 -0.206593  0.346412   \n",
              "Ozone        -0.037787 -0.735658  0.109951 -0.005330  0.327647  0.089219   \n",
              "Benzene       0.708782 -0.051010 -0.229191  0.068425 -0.170362  0.298467   \n",
              "Toluene       0.850132 -0.094970 -0.135730  0.023061 -0.083435  0.059093   \n",
              "Eth-Benzene   0.840592 -0.066207 -0.113583 -0.000111 -0.122616  0.172744   \n",
              "MP-Xylene     1.000000 -0.149200 -0.124759  0.024478 -0.112080  0.146956   \n",
              "RH           -0.149200  1.000000  0.086871 -0.131035 -0.269733 -0.257898   \n",
              "WS           -0.124759  0.086871  1.000000 -0.331792  0.201200 -0.298110   \n",
              "WD            0.024478 -0.131035 -0.331792  1.000000 -0.029172  0.215713   \n",
              "SR           -0.112080 -0.269733  0.201200 -0.029172  1.000000 -0.100252   \n",
              "BP            0.146956 -0.257898 -0.298110  0.215713 -0.100252  1.000000   \n",
              "VWS          -0.020858 -0.018880  0.025579  0.011163  0.031626  0.001663   \n",
              "AT           -0.072806 -0.325289  0.194083 -0.081225  0.511175 -0.525792   \n",
              "\n",
              "                  VWS        AT  \n",
              "PM2.5       -0.009653 -0.665992  \n",
              "PM10         0.001648 -0.619845  \n",
              "NO          -0.003610 -0.311051  \n",
              "NO2         -0.049128 -0.117568  \n",
              "NOx         -0.033326 -0.249799  \n",
              "NH3          0.013059  0.192365  \n",
              "SO2         -0.006131 -0.197473  \n",
              "CO          -0.036259 -0.531348  \n",
              "Ozone        0.050160  0.428777  \n",
              "Benzene     -0.001611 -0.299586  \n",
              "Toluene     -0.003240  0.008732  \n",
              "Eth-Benzene -0.017742 -0.185881  \n",
              "MP-Xylene   -0.020858 -0.072806  \n",
              "RH          -0.018880 -0.325289  \n",
              "WS           0.025579  0.194083  \n",
              "WD           0.011163 -0.081225  \n",
              "SR           0.031626  0.511175  \n",
              "BP           0.001663 -0.525792  \n",
              "VWS          1.000000  0.023862  \n",
              "AT           0.023862  1.000000  "
            ],
            "text/html": [
              "\n",
              "\n",
              "  <div id=\"df-840fce9b-d32b-4f00-8c5c-252b63fc02aa\">\n",
              "    <div class=\"colab-df-container\">\n",
              "      <div>\n",
              "<style scoped>\n",
              "    .dataframe tbody tr th:only-of-type {\n",
              "        vertical-align: middle;\n",
              "    }\n",
              "\n",
              "    .dataframe tbody tr th {\n",
              "        vertical-align: top;\n",
              "    }\n",
              "\n",
              "    .dataframe thead th {\n",
              "        text-align: right;\n",
              "    }\n",
              "</style>\n",
              "<table border=\"1\" class=\"dataframe\">\n",
              "  <thead>\n",
              "    <tr style=\"text-align: right;\">\n",
              "      <th></th>\n",
              "      <th>PM2.5</th>\n",
              "      <th>PM10</th>\n",
              "      <th>NO</th>\n",
              "      <th>NO2</th>\n",
              "      <th>NOx</th>\n",
              "      <th>NH3</th>\n",
              "      <th>SO2</th>\n",
              "      <th>CO</th>\n",
              "      <th>Ozone</th>\n",
              "      <th>Benzene</th>\n",
              "      <th>Toluene</th>\n",
              "      <th>Eth-Benzene</th>\n",
              "      <th>MP-Xylene</th>\n",
              "      <th>RH</th>\n",
              "      <th>WS</th>\n",
              "      <th>WD</th>\n",
              "      <th>SR</th>\n",
              "      <th>BP</th>\n",
              "      <th>VWS</th>\n",
              "      <th>AT</th>\n",
              "    </tr>\n",
              "  </thead>\n",
              "  <tbody>\n",
              "    <tr>\n",
              "      <th>PM2.5</th>\n",
              "      <td>1.000000</td>\n",
              "      <td>0.950145</td>\n",
              "      <td>0.399390</td>\n",
              "      <td>0.227092</td>\n",
              "      <td>0.377647</td>\n",
              "      <td>-0.113220</td>\n",
              "      <td>0.532137</td>\n",
              "      <td>0.656386</td>\n",
              "      <td>-0.044599</td>\n",
              "      <td>0.389233</td>\n",
              "      <td>0.026696</td>\n",
              "      <td>0.119485</td>\n",
              "      <td>0.031869</td>\n",
              "      <td>-0.149018</td>\n",
              "      <td>-0.266573</td>\n",
              "      <td>0.179326</td>\n",
              "      <td>-0.167772</td>\n",
              "      <td>0.648283</td>\n",
              "      <td>-0.009653</td>\n",
              "      <td>-0.665992</td>\n",
              "    </tr>\n",
              "    <tr>\n",
              "      <th>PM10</th>\n",
              "      <td>0.950145</td>\n",
              "      <td>1.000000</td>\n",
              "      <td>0.400293</td>\n",
              "      <td>0.201274</td>\n",
              "      <td>0.360287</td>\n",
              "      <td>-0.134218</td>\n",
              "      <td>0.531689</td>\n",
              "      <td>0.668252</td>\n",
              "      <td>0.024196</td>\n",
              "      <td>0.465670</td>\n",
              "      <td>0.113549</td>\n",
              "      <td>0.222790</td>\n",
              "      <td>0.136409</td>\n",
              "      <td>-0.243833</td>\n",
              "      <td>-0.277482</td>\n",
              "      <td>0.168065</td>\n",
              "      <td>-0.158619</td>\n",
              "      <td>0.660402</td>\n",
              "      <td>0.001648</td>\n",
              "      <td>-0.619845</td>\n",
              "    </tr>\n",
              "    <tr>\n",
              "      <th>NO</th>\n",
              "      <td>0.399390</td>\n",
              "      <td>0.400293</td>\n",
              "      <td>1.000000</td>\n",
              "      <td>0.268601</td>\n",
              "      <td>0.723113</td>\n",
              "      <td>0.328041</td>\n",
              "      <td>0.097660</td>\n",
              "      <td>0.616184</td>\n",
              "      <td>-0.244190</td>\n",
              "      <td>0.367450</td>\n",
              "      <td>0.102780</td>\n",
              "      <td>0.070081</td>\n",
              "      <td>0.008040</td>\n",
              "      <td>0.092569</td>\n",
              "      <td>-0.164601</td>\n",
              "      <td>0.054149</td>\n",
              "      <td>-0.103936</td>\n",
              "      <td>0.149873</td>\n",
              "      <td>-0.003610</td>\n",
              "      <td>-0.311051</td>\n",
              "    </tr>\n",
              "    <tr>\n",
              "      <th>NO2</th>\n",
              "      <td>0.227092</td>\n",
              "      <td>0.201274</td>\n",
              "      <td>0.268601</td>\n",
              "      <td>1.000000</td>\n",
              "      <td>0.842111</td>\n",
              "      <td>0.371475</td>\n",
              "      <td>0.221037</td>\n",
              "      <td>0.229055</td>\n",
              "      <td>-0.092284</td>\n",
              "      <td>0.206095</td>\n",
              "      <td>0.224155</td>\n",
              "      <td>0.113744</td>\n",
              "      <td>0.204162</td>\n",
              "      <td>-0.126927</td>\n",
              "      <td>-0.242925</td>\n",
              "      <td>0.161429</td>\n",
              "      <td>-0.113262</td>\n",
              "      <td>0.196126</td>\n",
              "      <td>-0.049128</td>\n",
              "      <td>-0.117568</td>\n",
              "    </tr>\n",
              "    <tr>\n",
              "      <th>NOx</th>\n",
              "      <td>0.377647</td>\n",
              "      <td>0.360287</td>\n",
              "      <td>0.723113</td>\n",
              "      <td>0.842111</td>\n",
              "      <td>1.000000</td>\n",
              "      <td>0.435177</td>\n",
              "      <td>0.204356</td>\n",
              "      <td>0.487235</td>\n",
              "      <td>-0.197955</td>\n",
              "      <td>0.341009</td>\n",
              "      <td>0.209292</td>\n",
              "      <td>0.112154</td>\n",
              "      <td>0.145789</td>\n",
              "      <td>-0.040474</td>\n",
              "      <td>-0.260240</td>\n",
              "      <td>0.143851</td>\n",
              "      <td>-0.134032</td>\n",
              "      <td>0.225139</td>\n",
              "      <td>-0.033326</td>\n",
              "      <td>-0.249799</td>\n",
              "    </tr>\n",
              "    <tr>\n",
              "      <th>NH3</th>\n",
              "      <td>-0.113220</td>\n",
              "      <td>-0.134218</td>\n",
              "      <td>0.328041</td>\n",
              "      <td>0.371475</td>\n",
              "      <td>0.435177</td>\n",
              "      <td>1.000000</td>\n",
              "      <td>-0.113709</td>\n",
              "      <td>-0.001876</td>\n",
              "      <td>-0.088208</td>\n",
              "      <td>0.086159</td>\n",
              "      <td>0.087121</td>\n",
              "      <td>-0.154896</td>\n",
              "      <td>-0.020548</td>\n",
              "      <td>0.067049</td>\n",
              "      <td>-0.168959</td>\n",
              "      <td>0.104572</td>\n",
              "      <td>0.009939</td>\n",
              "      <td>-0.123634</td>\n",
              "      <td>0.013059</td>\n",
              "      <td>0.192365</td>\n",
              "    </tr>\n",
              "    <tr>\n",
              "      <th>SO2</th>\n",
              "      <td>0.532137</td>\n",
              "      <td>0.531689</td>\n",
              "      <td>0.097660</td>\n",
              "      <td>0.221037</td>\n",
              "      <td>0.204356</td>\n",
              "      <td>-0.113709</td>\n",
              "      <td>1.000000</td>\n",
              "      <td>0.266430</td>\n",
              "      <td>0.227349</td>\n",
              "      <td>0.161981</td>\n",
              "      <td>0.046586</td>\n",
              "      <td>0.060851</td>\n",
              "      <td>0.075879</td>\n",
              "      <td>-0.451078</td>\n",
              "      <td>-0.186552</td>\n",
              "      <td>0.220385</td>\n",
              "      <td>0.012219</td>\n",
              "      <td>0.492888</td>\n",
              "      <td>-0.006131</td>\n",
              "      <td>-0.197473</td>\n",
              "    </tr>\n",
              "    <tr>\n",
              "      <th>CO</th>\n",
              "      <td>0.656386</td>\n",
              "      <td>0.668252</td>\n",
              "      <td>0.616184</td>\n",
              "      <td>0.229055</td>\n",
              "      <td>0.487235</td>\n",
              "      <td>-0.001876</td>\n",
              "      <td>0.266430</td>\n",
              "      <td>1.000000</td>\n",
              "      <td>-0.325007</td>\n",
              "      <td>0.566478</td>\n",
              "      <td>0.218948</td>\n",
              "      <td>0.307522</td>\n",
              "      <td>0.164507</td>\n",
              "      <td>0.064837</td>\n",
              "      <td>-0.300723</td>\n",
              "      <td>0.104854</td>\n",
              "      <td>-0.206593</td>\n",
              "      <td>0.346412</td>\n",
              "      <td>-0.036259</td>\n",
              "      <td>-0.531348</td>\n",
              "    </tr>\n",
              "    <tr>\n",
              "      <th>Ozone</th>\n",
              "      <td>-0.044599</td>\n",
              "      <td>0.024196</td>\n",
              "      <td>-0.244190</td>\n",
              "      <td>-0.092284</td>\n",
              "      <td>-0.197955</td>\n",
              "      <td>-0.088208</td>\n",
              "      <td>0.227349</td>\n",
              "      <td>-0.325007</td>\n",
              "      <td>1.000000</td>\n",
              "      <td>-0.130151</td>\n",
              "      <td>-0.040040</td>\n",
              "      <td>-0.095977</td>\n",
              "      <td>-0.037787</td>\n",
              "      <td>-0.735658</td>\n",
              "      <td>0.109951</td>\n",
              "      <td>-0.005330</td>\n",
              "      <td>0.327647</td>\n",
              "      <td>0.089219</td>\n",
              "      <td>0.050160</td>\n",
              "      <td>0.428777</td>\n",
              "    </tr>\n",
              "    <tr>\n",
              "      <th>Benzene</th>\n",
              "      <td>0.389233</td>\n",
              "      <td>0.465670</td>\n",
              "      <td>0.367450</td>\n",
              "      <td>0.206095</td>\n",
              "      <td>0.341009</td>\n",
              "      <td>0.086159</td>\n",
              "      <td>0.161981</td>\n",
              "      <td>0.566478</td>\n",
              "      <td>-0.130151</td>\n",
              "      <td>1.000000</td>\n",
              "      <td>0.767948</td>\n",
              "      <td>0.690548</td>\n",
              "      <td>0.708782</td>\n",
              "      <td>-0.051010</td>\n",
              "      <td>-0.229191</td>\n",
              "      <td>0.068425</td>\n",
              "      <td>-0.170362</td>\n",
              "      <td>0.298467</td>\n",
              "      <td>-0.001611</td>\n",
              "      <td>-0.299586</td>\n",
              "    </tr>\n",
              "    <tr>\n",
              "      <th>Toluene</th>\n",
              "      <td>0.026696</td>\n",
              "      <td>0.113549</td>\n",
              "      <td>0.102780</td>\n",
              "      <td>0.224155</td>\n",
              "      <td>0.209292</td>\n",
              "      <td>0.087121</td>\n",
              "      <td>0.046586</td>\n",
              "      <td>0.218948</td>\n",
              "      <td>-0.040040</td>\n",
              "      <td>0.767948</td>\n",
              "      <td>1.000000</td>\n",
              "      <td>0.735874</td>\n",
              "      <td>0.850132</td>\n",
              "      <td>-0.094970</td>\n",
              "      <td>-0.135730</td>\n",
              "      <td>0.023061</td>\n",
              "      <td>-0.083435</td>\n",
              "      <td>0.059093</td>\n",
              "      <td>-0.003240</td>\n",
              "      <td>0.008732</td>\n",
              "    </tr>\n",
              "    <tr>\n",
              "      <th>Eth-Benzene</th>\n",
              "      <td>0.119485</td>\n",
              "      <td>0.222790</td>\n",
              "      <td>0.070081</td>\n",
              "      <td>0.113744</td>\n",
              "      <td>0.112154</td>\n",
              "      <td>-0.154896</td>\n",
              "      <td>0.060851</td>\n",
              "      <td>0.307522</td>\n",
              "      <td>-0.095977</td>\n",
              "      <td>0.690548</td>\n",
              "      <td>0.735874</td>\n",
              "      <td>1.000000</td>\n",
              "      <td>0.840592</td>\n",
              "      <td>-0.066207</td>\n",
              "      <td>-0.113583</td>\n",
              "      <td>-0.000111</td>\n",
              "      <td>-0.122616</td>\n",
              "      <td>0.172744</td>\n",
              "      <td>-0.017742</td>\n",
              "      <td>-0.185881</td>\n",
              "    </tr>\n",
              "    <tr>\n",
              "      <th>MP-Xylene</th>\n",
              "      <td>0.031869</td>\n",
              "      <td>0.136409</td>\n",
              "      <td>0.008040</td>\n",
              "      <td>0.204162</td>\n",
              "      <td>0.145789</td>\n",
              "      <td>-0.020548</td>\n",
              "      <td>0.075879</td>\n",
              "      <td>0.164507</td>\n",
              "      <td>-0.037787</td>\n",
              "      <td>0.708782</td>\n",
              "      <td>0.850132</td>\n",
              "      <td>0.840592</td>\n",
              "      <td>1.000000</td>\n",
              "      <td>-0.149200</td>\n",
              "      <td>-0.124759</td>\n",
              "      <td>0.024478</td>\n",
              "      <td>-0.112080</td>\n",
              "      <td>0.146956</td>\n",
              "      <td>-0.020858</td>\n",
              "      <td>-0.072806</td>\n",
              "    </tr>\n",
              "    <tr>\n",
              "      <th>RH</th>\n",
              "      <td>-0.149018</td>\n",
              "      <td>-0.243833</td>\n",
              "      <td>0.092569</td>\n",
              "      <td>-0.126927</td>\n",
              "      <td>-0.040474</td>\n",
              "      <td>0.067049</td>\n",
              "      <td>-0.451078</td>\n",
              "      <td>0.064837</td>\n",
              "      <td>-0.735658</td>\n",
              "      <td>-0.051010</td>\n",
              "      <td>-0.094970</td>\n",
              "      <td>-0.066207</td>\n",
              "      <td>-0.149200</td>\n",
              "      <td>1.000000</td>\n",
              "      <td>0.086871</td>\n",
              "      <td>-0.131035</td>\n",
              "      <td>-0.269733</td>\n",
              "      <td>-0.257898</td>\n",
              "      <td>-0.018880</td>\n",
              "      <td>-0.325289</td>\n",
              "    </tr>\n",
              "    <tr>\n",
              "      <th>WS</th>\n",
              "      <td>-0.266573</td>\n",
              "      <td>-0.277482</td>\n",
              "      <td>-0.164601</td>\n",
              "      <td>-0.242925</td>\n",
              "      <td>-0.260240</td>\n",
              "      <td>-0.168959</td>\n",
              "      <td>-0.186552</td>\n",
              "      <td>-0.300723</td>\n",
              "      <td>0.109951</td>\n",
              "      <td>-0.229191</td>\n",
              "      <td>-0.135730</td>\n",
              "      <td>-0.113583</td>\n",
              "      <td>-0.124759</td>\n",
              "      <td>0.086871</td>\n",
              "      <td>1.000000</td>\n",
              "      <td>-0.331792</td>\n",
              "      <td>0.201200</td>\n",
              "      <td>-0.298110</td>\n",
              "      <td>0.025579</td>\n",
              "      <td>0.194083</td>\n",
              "    </tr>\n",
              "    <tr>\n",
              "      <th>WD</th>\n",
              "      <td>0.179326</td>\n",
              "      <td>0.168065</td>\n",
              "      <td>0.054149</td>\n",
              "      <td>0.161429</td>\n",
              "      <td>0.143851</td>\n",
              "      <td>0.104572</td>\n",
              "      <td>0.220385</td>\n",
              "      <td>0.104854</td>\n",
              "      <td>-0.005330</td>\n",
              "      <td>0.068425</td>\n",
              "      <td>0.023061</td>\n",
              "      <td>-0.000111</td>\n",
              "      <td>0.024478</td>\n",
              "      <td>-0.131035</td>\n",
              "      <td>-0.331792</td>\n",
              "      <td>1.000000</td>\n",
              "      <td>-0.029172</td>\n",
              "      <td>0.215713</td>\n",
              "      <td>0.011163</td>\n",
              "      <td>-0.081225</td>\n",
              "    </tr>\n",
              "    <tr>\n",
              "      <th>SR</th>\n",
              "      <td>-0.167772</td>\n",
              "      <td>-0.158619</td>\n",
              "      <td>-0.103936</td>\n",
              "      <td>-0.113262</td>\n",
              "      <td>-0.134032</td>\n",
              "      <td>0.009939</td>\n",
              "      <td>0.012219</td>\n",
              "      <td>-0.206593</td>\n",
              "      <td>0.327647</td>\n",
              "      <td>-0.170362</td>\n",
              "      <td>-0.083435</td>\n",
              "      <td>-0.122616</td>\n",
              "      <td>-0.112080</td>\n",
              "      <td>-0.269733</td>\n",
              "      <td>0.201200</td>\n",
              "      <td>-0.029172</td>\n",
              "      <td>1.000000</td>\n",
              "      <td>-0.100252</td>\n",
              "      <td>0.031626</td>\n",
              "      <td>0.511175</td>\n",
              "    </tr>\n",
              "    <tr>\n",
              "      <th>BP</th>\n",
              "      <td>0.648283</td>\n",
              "      <td>0.660402</td>\n",
              "      <td>0.149873</td>\n",
              "      <td>0.196126</td>\n",
              "      <td>0.225139</td>\n",
              "      <td>-0.123634</td>\n",
              "      <td>0.492888</td>\n",
              "      <td>0.346412</td>\n",
              "      <td>0.089219</td>\n",
              "      <td>0.298467</td>\n",
              "      <td>0.059093</td>\n",
              "      <td>0.172744</td>\n",
              "      <td>0.146956</td>\n",
              "      <td>-0.257898</td>\n",
              "      <td>-0.298110</td>\n",
              "      <td>0.215713</td>\n",
              "      <td>-0.100252</td>\n",
              "      <td>1.000000</td>\n",
              "      <td>0.001663</td>\n",
              "      <td>-0.525792</td>\n",
              "    </tr>\n",
              "    <tr>\n",
              "      <th>VWS</th>\n",
              "      <td>-0.009653</td>\n",
              "      <td>0.001648</td>\n",
              "      <td>-0.003610</td>\n",
              "      <td>-0.049128</td>\n",
              "      <td>-0.033326</td>\n",
              "      <td>0.013059</td>\n",
              "      <td>-0.006131</td>\n",
              "      <td>-0.036259</td>\n",
              "      <td>0.050160</td>\n",
              "      <td>-0.001611</td>\n",
              "      <td>-0.003240</td>\n",
              "      <td>-0.017742</td>\n",
              "      <td>-0.020858</td>\n",
              "      <td>-0.018880</td>\n",
              "      <td>0.025579</td>\n",
              "      <td>0.011163</td>\n",
              "      <td>0.031626</td>\n",
              "      <td>0.001663</td>\n",
              "      <td>1.000000</td>\n",
              "      <td>0.023862</td>\n",
              "    </tr>\n",
              "    <tr>\n",
              "      <th>AT</th>\n",
              "      <td>-0.665992</td>\n",
              "      <td>-0.619845</td>\n",
              "      <td>-0.311051</td>\n",
              "      <td>-0.117568</td>\n",
              "      <td>-0.249799</td>\n",
              "      <td>0.192365</td>\n",
              "      <td>-0.197473</td>\n",
              "      <td>-0.531348</td>\n",
              "      <td>0.428777</td>\n",
              "      <td>-0.299586</td>\n",
              "      <td>0.008732</td>\n",
              "      <td>-0.185881</td>\n",
              "      <td>-0.072806</td>\n",
              "      <td>-0.325289</td>\n",
              "      <td>0.194083</td>\n",
              "      <td>-0.081225</td>\n",
              "      <td>0.511175</td>\n",
              "      <td>-0.525792</td>\n",
              "      <td>0.023862</td>\n",
              "      <td>1.000000</td>\n",
              "    </tr>\n",
              "  </tbody>\n",
              "</table>\n",
              "</div>\n",
              "      <button class=\"colab-df-convert\" onclick=\"convertToInteractive('df-840fce9b-d32b-4f00-8c5c-252b63fc02aa')\"\n",
              "              title=\"Convert this dataframe to an interactive table.\"\n",
              "              style=\"display:none;\">\n",
              "\n",
              "  <svg xmlns=\"http://www.w3.org/2000/svg\" height=\"24px\"viewBox=\"0 0 24 24\"\n",
              "       width=\"24px\">\n",
              "    <path d=\"M0 0h24v24H0V0z\" fill=\"none\"/>\n",
              "    <path d=\"M18.56 5.44l.94 2.06.94-2.06 2.06-.94-2.06-.94-.94-2.06-.94 2.06-2.06.94zm-11 1L8.5 8.5l.94-2.06 2.06-.94-2.06-.94L8.5 2.5l-.94 2.06-2.06.94zm10 10l.94 2.06.94-2.06 2.06-.94-2.06-.94-.94-2.06-.94 2.06-2.06.94z\"/><path d=\"M17.41 7.96l-1.37-1.37c-.4-.4-.92-.59-1.43-.59-.52 0-1.04.2-1.43.59L10.3 9.45l-7.72 7.72c-.78.78-.78 2.05 0 2.83L4 21.41c.39.39.9.59 1.41.59.51 0 1.02-.2 1.41-.59l7.78-7.78 2.81-2.81c.8-.78.8-2.07 0-2.86zM5.41 20L4 18.59l7.72-7.72 1.47 1.35L5.41 20z\"/>\n",
              "  </svg>\n",
              "      </button>\n",
              "\n",
              "\n",
              "\n",
              "    <div id=\"df-e509386a-9d4f-4bf4-93af-17b4eedb9d6b\">\n",
              "      <button class=\"colab-df-quickchart\" onclick=\"quickchart('df-e509386a-9d4f-4bf4-93af-17b4eedb9d6b')\"\n",
              "              title=\"Suggest charts.\"\n",
              "              style=\"display:none;\">\n",
              "\n",
              "<svg xmlns=\"http://www.w3.org/2000/svg\" height=\"24px\"viewBox=\"0 0 24 24\"\n",
              "     width=\"24px\">\n",
              "    <g>\n",
              "        <path d=\"M19 3H5c-1.1 0-2 .9-2 2v14c0 1.1.9 2 2 2h14c1.1 0 2-.9 2-2V5c0-1.1-.9-2-2-2zM9 17H7v-7h2v7zm4 0h-2V7h2v10zm4 0h-2v-4h2v4z\"/>\n",
              "    </g>\n",
              "</svg>\n",
              "      </button>\n",
              "    </div>\n",
              "\n",
              "<style>\n",
              "  .colab-df-quickchart {\n",
              "    background-color: #E8F0FE;\n",
              "    border: none;\n",
              "    border-radius: 50%;\n",
              "    cursor: pointer;\n",
              "    display: none;\n",
              "    fill: #1967D2;\n",
              "    height: 32px;\n",
              "    padding: 0 0 0 0;\n",
              "    width: 32px;\n",
              "  }\n",
              "\n",
              "  .colab-df-quickchart:hover {\n",
              "    background-color: #E2EBFA;\n",
              "    box-shadow: 0px 1px 2px rgba(60, 64, 67, 0.3), 0px 1px 3px 1px rgba(60, 64, 67, 0.15);\n",
              "    fill: #174EA6;\n",
              "  }\n",
              "\n",
              "  [theme=dark] .colab-df-quickchart {\n",
              "    background-color: #3B4455;\n",
              "    fill: #D2E3FC;\n",
              "  }\n",
              "\n",
              "  [theme=dark] .colab-df-quickchart:hover {\n",
              "    background-color: #434B5C;\n",
              "    box-shadow: 0px 1px 3px 1px rgba(0, 0, 0, 0.15);\n",
              "    filter: drop-shadow(0px 1px 2px rgba(0, 0, 0, 0.3));\n",
              "    fill: #FFFFFF;\n",
              "  }\n",
              "</style>\n",
              "\n",
              "    <script>\n",
              "      async function quickchart(key) {\n",
              "        const containerElement = document.querySelector('#' + key);\n",
              "        const charts = await google.colab.kernel.invokeFunction(\n",
              "            'suggestCharts', [key], {});\n",
              "      }\n",
              "    </script>\n",
              "\n",
              "      <script>\n",
              "\n",
              "function displayQuickchartButton(domScope) {\n",
              "  let quickchartButtonEl =\n",
              "    domScope.querySelector('#df-e509386a-9d4f-4bf4-93af-17b4eedb9d6b button.colab-df-quickchart');\n",
              "  quickchartButtonEl.style.display =\n",
              "    google.colab.kernel.accessAllowed ? 'block' : 'none';\n",
              "}\n",
              "\n",
              "        displayQuickchartButton(document);\n",
              "      </script>\n",
              "      <style>\n",
              "    .colab-df-container {\n",
              "      display:flex;\n",
              "      flex-wrap:wrap;\n",
              "      gap: 12px;\n",
              "    }\n",
              "\n",
              "    .colab-df-convert {\n",
              "      background-color: #E8F0FE;\n",
              "      border: none;\n",
              "      border-radius: 50%;\n",
              "      cursor: pointer;\n",
              "      display: none;\n",
              "      fill: #1967D2;\n",
              "      height: 32px;\n",
              "      padding: 0 0 0 0;\n",
              "      width: 32px;\n",
              "    }\n",
              "\n",
              "    .colab-df-convert:hover {\n",
              "      background-color: #E2EBFA;\n",
              "      box-shadow: 0px 1px 2px rgba(60, 64, 67, 0.3), 0px 1px 3px 1px rgba(60, 64, 67, 0.15);\n",
              "      fill: #174EA6;\n",
              "    }\n",
              "\n",
              "    [theme=dark] .colab-df-convert {\n",
              "      background-color: #3B4455;\n",
              "      fill: #D2E3FC;\n",
              "    }\n",
              "\n",
              "    [theme=dark] .colab-df-convert:hover {\n",
              "      background-color: #434B5C;\n",
              "      box-shadow: 0px 1px 3px 1px rgba(0, 0, 0, 0.15);\n",
              "      filter: drop-shadow(0px 1px 2px rgba(0, 0, 0, 0.3));\n",
              "      fill: #FFFFFF;\n",
              "    }\n",
              "  </style>\n",
              "\n",
              "      <script>\n",
              "        const buttonEl =\n",
              "          document.querySelector('#df-840fce9b-d32b-4f00-8c5c-252b63fc02aa button.colab-df-convert');\n",
              "        buttonEl.style.display =\n",
              "          google.colab.kernel.accessAllowed ? 'block' : 'none';\n",
              "\n",
              "        async function convertToInteractive(key) {\n",
              "          const element = document.querySelector('#df-840fce9b-d32b-4f00-8c5c-252b63fc02aa');\n",
              "          const dataTable =\n",
              "            await google.colab.kernel.invokeFunction('convertToInteractive',\n",
              "                                                     [key], {});\n",
              "          if (!dataTable) return;\n",
              "\n",
              "          const docLinkHtml = 'Like what you see? Visit the ' +\n",
              "            '<a target=\"_blank\" href=https://colab.research.google.com/notebooks/data_table.ipynb>data table notebook</a>'\n",
              "            + ' to learn more about interactive tables.';\n",
              "          element.innerHTML = '';\n",
              "          dataTable['output_type'] = 'display_data';\n",
              "          await google.colab.output.renderOutput(dataTable, element);\n",
              "          const docLink = document.createElement('div');\n",
              "          docLink.innerHTML = docLinkHtml;\n",
              "          element.appendChild(docLink);\n",
              "        }\n",
              "      </script>\n",
              "    </div>\n",
              "  </div>\n"
            ]
          },
          "metadata": {},
          "execution_count": 12
        }
      ]
    },
    {
      "cell_type": "code",
      "source": [
        "sns.heatmap(df.corr())"
      ],
      "metadata": {
        "colab": {
